Initial error before optimization: 2471694.3100011465
Initial error: 2.47169e+06, values: 1228
iter      cost      cost_change    lambda  success iter_time
   0  1.889053e+08   -1.86e+08    1.00e-05     1    8.90e-03
iter      cost      cost_change    lambda  success iter_time
   0  1.888826e+08   -1.86e+08    1.00e-04     1    8.41e-03
iter      cost      cost_change    lambda  success iter_time
   0  1.886723e+08   -1.86e+08    1.00e-03     1    6.06e-03
iter      cost      cost_change    lambda  success iter_time
   0  1.876801e+08   -1.85e+08    1.00e-02     1    6.06e-03
iter      cost      cost_change    lambda  success iter_time
   0  2.044747e+08   -2.02e+08    1.00e-01     1    8.28e-03
iter      cost      cost_change    lambda  success iter_time
   0  2.957430e+08   -2.93e+08    1.00e+00     1    5.91e-03
iter      cost      cost_change    lambda  success iter_time
   0  2.622027e+08   -2.60e+08    1.00e+01     1    7.79e-03
iter      cost      cost_change    lambda  success iter_time
   0  9.092920e+07   -8.85e+07    1.00e+02     1    6.04e-03
iter      cost      cost_change    lambda  success iter_time
   0  2.766979e+06   -2.95e+05    1.00e+03     1    7.19e-03
iter      cost      cost_change    lambda  success iter_time
   0  2.009998e+06    4.62e+05    1.00e+04     1    6.14e-03
   1  3.570481e+06   -1.56e+06    1.00e+03     1    6.80e-03
   1  1.440758e+06    5.69e+05    1.00e+04     1    6.30e-03
   2  6.214317e+06   -4.77e+06    1.00e+03     1    7.24e-03
   2  1.067192e+06    3.74e+05    1.00e+04     1    6.28e-03
   3  8.923137e+06   -7.86e+06    1.00e+03     1    6.03e-03
   3  1.017593e+06    4.96e+04    1.00e+04     1    6.28e-03
   4  1.115620e+07   -1.01e+07    1.00e+03     1    5.84e-03
   4  9.417565e+05    7.58e+04    1.00e+04     1    6.49e-03
   5  1.271175e+07   -1.18e+07    1.00e+03     1    5.98e-03
   5  9.217387e+05    2.00e+04    1.00e+04     1    6.36e-03
   6  1.355676e+07   -1.26e+07    1.00e+03     1    6.21e-03
   6  8.852626e+05    3.65e+04    1.00e+04     1    7.15e-03
   7  1.383212e+07   -1.29e+07    1.00e+03     1    7.05e-03
   7  8.727057e+05    1.26e+04    1.00e+04     1    5.99e-03
   8  1.364443e+07   -1.28e+07    1.00e+03     1    5.40e-03
   8  8.506079e+05    2.21e+04    1.00e+04     1    6.63e-03
   9  1.312966e+07   -1.23e+07    1.00e+03     1    6.75e-03
   9  8.354138e+05    1.52e+04    1.00e+04     1    8.37e-03
  10  1.238379e+07   -1.15e+07    1.00e+03     1    6.16e-03
  10  8.146624e+05    2.08e+04    1.00e+04     1    6.37e-03
  11  1.150356e+07   -1.07e+07    1.00e+03     1    6.70e-03
  11  7.953382e+05    1.93e+04    1.00e+04     1    7.87e-03
  12  1.055591e+07   -9.76e+06    1.00e+03     1    6.60e-03
  12  7.736257e+05    2.17e+04    1.00e+04     1    7.16e-03
  13  9.596983e+06   -8.82e+06    1.00e+03     1    6.74e-03
  13  7.522540e+05    2.14e+04    1.00e+04     1    5.58e-03
  14  8.661529e+06   -7.91e+06    1.00e+03     1    6.76e-03
  14  7.303545e+05    2.19e+04    1.00e+04     1    7.16e-03
  15  7.773325e+06   -7.04e+06    1.00e+03     1    7.17e-03
  15  7.088011e+05    2.16e+04    1.00e+04     1    5.92e-03
  16  6.944604e+06   -6.24e+06    1.00e+03     1    6.95e-03
  16  6.872652e+05    2.15e+04    1.00e+04     1    7.17e-03
  17  6.181484e+06   -5.49e+06    1.00e+03     1    7.81e-03
  17  6.654777e+05    2.18e+04    1.00e+04     1    6.38e-03
  18  5.486523e+06   -4.82e+06    1.00e+03     1    5.95e-03
  18  6.426433e+05    2.28e+04    1.00e+04     1    6.34e-03
  19  4.860755e+06   -4.22e+06    1.00e+03     1    6.86e-03
  19  6.184423e+05    2.42e+04    1.00e+04     1    6.33e-03
  20  4.301576e+06   -3.68e+06    1.00e+03     1    6.86e-03
  20  5.937578e+05    2.47e+04    1.00e+04     1    6.55e-03
  21  3.803977e+06   -3.21e+06    1.00e+03     1    7.00e-03
  21  5.697706e+05    2.40e+04    1.00e+04     1    7.31e-03
  22  3.363149e+06   -2.79e+06    1.00e+03     1    6.31e-03
  22  5.469066e+05    2.29e+04    1.00e+04     1    6.29e-03
  23  2.974288e+06   -2.43e+06    1.00e+03     1    6.26e-03
  23  5.253686e+05    2.15e+04    1.00e+04     1    6.98e-03
  24  2.632376e+06   -2.11e+06    1.00e+03     1    6.29e-03
  24  5.053914e+05    2.00e+04    1.00e+04     1    6.92e-03
  25  2.332481e+06   -1.83e+06    1.00e+03     1    6.13e-03
  25  4.871114e+05    1.83e+04    1.00e+04     1    6.54e-03
  26  2.069976e+06   -1.58e+06    1.00e+03     1    6.27e-03
  26  4.705268e+05    1.66e+04    1.00e+04     1    7.28e-03
  27  1.840633e+06   -1.37e+06    1.00e+03     1    6.15e-03
  27  4.555397e+05    1.50e+04    1.00e+04     1    6.23e-03
  28  1.640630e+06   -1.19e+06    1.00e+03     1    7.38e-03
  28  4.420054e+05    1.35e+04    1.00e+04     1    6.90e-03
  29  1.466525e+06   -1.02e+06    1.00e+03     1    6.70e-03
  29  4.297666e+05    1.22e+04    1.00e+04     1    6.42e-03
  30  1.315220e+06   -8.85e+05    1.00e+03     1    6.69e-03
  30  4.186712e+05    1.11e+04    1.00e+04     1    7.96e-03
  31  1.183938e+06   -7.65e+05    1.00e+03     1    6.48e-03
  31  4.085803e+05    1.01e+04    1.00e+04     1    6.21e-03
  32  1.070200e+06   -6.62e+05    1.00e+03     1    6.81e-03
  32  3.993710e+05    9.21e+03    1.00e+04     1    7.63e-03
  33  9.718052e+05   -5.72e+05    1.00e+03     1    7.38e-03
  33  3.909359e+05    8.44e+03    1.00e+04     1    8.04e-03
  34  8.868074e+05   -4.96e+05    1.00e+03     1    5.71e-03
  34  3.831819e+05    7.75e+03    1.00e+04     1    7.03e-03
  35  8.134949e+05   -4.30e+05    1.00e+03     1    6.92e-03
  35  3.760283e+05    7.15e+03    1.00e+04     1    6.53e-03
  36  7.503663e+05   -3.74e+05    1.00e+03     1    7.05e-03
  36  3.694054e+05    6.62e+03    1.00e+04     1    6.28e-03
  37  6.961086e+05   -3.27e+05    1.00e+03     1    6.55e-03
  37  3.632526e+05    6.15e+03    1.00e+04     1    6.77e-03
  38  6.495754e+05   -2.86e+05    1.00e+03     1    6.61e-03
  38  3.575173e+05    5.74e+03    1.00e+04     1    7.41e-03
  39  6.097674e+05   -2.52e+05    1.00e+03     1    6.59e-03
  39  3.521536e+05    5.36e+03    1.00e+04     1    8.03e-03
  40  5.758142e+05   -2.24e+05    1.00e+03     1    6.83e-03
  40  3.471216e+05    5.03e+03    1.00e+04     1    6.42e-03
  41  5.469577e+05   -2.00e+05    1.00e+03     1    6.65e-03
  41  3.423862e+05    4.74e+03    1.00e+04     1    7.48e-03
  42  5.225378e+05   -1.80e+05    1.00e+03     1    7.00e-03
  42  3.379168e+05    4.47e+03    1.00e+04     1    7.09e-03
  43  5.019795e+05   -1.64e+05    1.00e+03     1    6.83e-03
  43  3.336866e+05    4.23e+03    1.00e+04     1    7.25e-03
  44  4.847817e+05   -1.51e+05    1.00e+03     1    7.50e-03
  44  3.296718e+05    4.01e+03    1.00e+04     1    8.25e-03
  45  4.705070e+05   -1.41e+05    1.00e+03     1    6.84e-03
  45  3.258514e+05    3.82e+03    1.00e+04     1    7.03e-03
  46  4.587737e+05   -1.33e+05    1.00e+03     1    6.29e-03
  46  3.222071e+05    3.64e+03    1.00e+04     1    7.56e-03
  47  4.492480e+05   -1.27e+05    1.00e+03     1    7.62e-03
  47  3.187225e+05    3.48e+03    1.00e+04     1    7.01e-03
  48  4.416374e+05   -1.23e+05    1.00e+03     1    7.51e-03
  48  3.153830e+05    3.34e+03    1.00e+04     1    7.90e-03
  49  4.356860e+05   -1.20e+05    1.00e+03     1    7.21e-03
  49  3.121757e+05    3.21e+03    1.00e+04     1    7.06e-03
  50  4.311686e+05   -1.19e+05    1.00e+03     1    8.85e-03
  50  3.090890e+05    3.09e+03    1.00e+04     1    7.25e-03
  51  4.278876e+05   -1.19e+05    1.00e+03     1    6.48e-03
  51  3.061124e+05    2.98e+03    1.00e+04     1    6.94e-03
  52  4.256688e+05   -1.20e+05    1.00e+03     1    7.03e-03
  52  3.032368e+05    2.88e+03    1.00e+04     1    6.85e-03
  53  4.243586e+05   -1.21e+05    1.00e+03     1    7.69e-03
  53  3.004536e+05    2.78e+03    1.00e+04     1    8.06e-03
  54  4.238217e+05   -1.23e+05    1.00e+03     1    8.80e-03
  54  2.977553e+05    2.70e+03    1.00e+04     1    6.55e-03
  55  4.239384e+05   -1.26e+05    1.00e+03     1    7.52e-03
  55  2.951349e+05    2.62e+03    1.00e+04     1    7.24e-03
  56  4.246029e+05   -1.29e+05    1.00e+03     1    6.93e-03
  56  2.925862e+05    2.55e+03    1.00e+04     1    6.65e-03
  57  4.257217e+05   -1.33e+05    1.00e+03     1    7.31e-03
  57  2.901035e+05    2.48e+03    1.00e+04     1    6.62e-03
  58  4.272121e+05   -1.37e+05    1.00e+03     1    8.82e-03
  58  2.876816e+05    2.42e+03    1.00e+04     1    6.98e-03
  59  4.290011e+05   -1.41e+05    1.00e+03     1    5.88e-03
  59  2.853160e+05    2.37e+03    1.00e+04     1    5.75e-03
  60  4.310241e+05   -1.46e+05    1.00e+03     1    6.19e-03
  60  2.830023e+05    2.31e+03    1.00e+04     1    6.03e-03
  61  4.332244e+05   -1.50e+05    1.00e+03     1    6.55e-03
  61  2.807369e+05    2.27e+03    1.00e+04     1    6.56e-03
  62  4.355518e+05   -1.55e+05    1.00e+03     1    6.43e-03
  62  2.785163e+05    2.22e+03    1.00e+04     1    6.21e-03
  63  4.379623e+05   -1.59e+05    1.00e+03     1    6.02e-03
  63  2.763378e+05    2.18e+03    1.00e+04     1    6.74e-03
  64  4.404175e+05   -1.64e+05    1.00e+03     1    6.64e-03
  64  2.741987e+05    2.14e+03    1.00e+04     1    7.03e-03
  65  4.428837e+05   -1.69e+05    1.00e+03     1    6.22e-03
  65  2.720969e+05    2.10e+03    1.00e+04     1    6.50e-03
  66  4.453315e+05   -1.73e+05    1.00e+03     1    6.15e-03
  66  2.700306e+05    2.07e+03    1.00e+04     1    6.73e-03
  67  4.477354e+05   -1.78e+05    1.00e+03     1    6.25e-03
  67  2.679984e+05    2.03e+03    1.00e+04     1    6.05e-03
  68  4.500733e+05   -1.82e+05    1.00e+03     1    6.64e-03
  68  2.659991e+05    2.00e+03    1.00e+04     1    5.85e-03
  69  4.523261e+05   -1.86e+05    1.00e+03     1    6.82e-03
  69  2.640319e+05    1.97e+03    1.00e+04     1    6.38e-03
  70  4.544773e+05   -1.90e+05    1.00e+03     1    6.28e-03
  70  2.620960e+05    1.94e+03    1.00e+04     1    5.50e-03
  71  4.565129e+05   -1.94e+05    1.00e+03     1    1.04e-02
  71  2.601911e+05    1.90e+03    1.00e+04     1    6.64e-03
  72  4.584206e+05   -1.98e+05    1.00e+03     1    7.14e-03
  72  2.583167e+05    1.87e+03    1.00e+04     1    5.71e-03
  73  4.601903e+05   -2.02e+05    1.00e+03     1    6.60e-03
  73  2.564727e+05    1.84e+03    1.00e+04     1    6.19e-03
  74  4.618132e+05   -2.05e+05    1.00e+03     1    7.45e-03
  74  2.546588e+05    1.81e+03    1.00e+04     1    6.57e-03
  75  4.632822e+05   -2.09e+05    1.00e+03     1    5.90e-03
  75  2.528748e+05    1.78e+03    1.00e+04     1    6.90e-03
  76  4.645914e+05   -2.12e+05    1.00e+03     1    6.43e-03
  76  2.511206e+05    1.75e+03    1.00e+04     1    7.04e-03
  77  4.657360e+05   -2.15e+05    1.00e+03     1    6.47e-03
  77  2.493958e+05    1.72e+03    1.00e+04     1    6.54e-03
  78  4.667122e+05   -2.17e+05    1.00e+03     1    6.41e-03
  78  2.477002e+05    1.70e+03    1.00e+04     1    6.60e-03
  79  4.675173e+05   -2.20e+05    1.00e+03     1    5.99e-03
  79  2.460333e+05    1.67e+03    1.00e+04     1    5.80e-03
  80  4.681493e+05   -2.22e+05    1.00e+03     1    6.27e-03
  80  2.443946e+05    1.64e+03    1.00e+04     1    5.81e-03
  81  4.686073e+05   -2.24e+05    1.00e+03     1    6.36e-03
  81  2.427836e+05    1.61e+03    1.00e+04     1    6.53e-03
  82  4.688907e+05   -2.26e+05    1.00e+03     1    6.30e-03
  82  2.411996e+05    1.58e+03    1.00e+04     1    6.24e-03
  83  4.689998e+05   -2.28e+05    1.00e+03     1    6.52e-03
  83  2.396416e+05    1.56e+03    1.00e+04     1    6.39e-03
  84  4.689357e+05   -2.29e+05    1.00e+03     1    6.94e-03
  84  2.381089e+05    1.53e+03    1.00e+04     1    6.41e-03
  85  4.686999e+05   -2.31e+05    1.00e+03     1    6.21e-03
  85  2.366003e+05    1.51e+03    1.00e+04     1    6.64e-03
  86  4.682944e+05   -2.32e+05    1.00e+03     1    6.70e-03
  86  2.351146e+05    1.49e+03    1.00e+04     1    6.94e-03
  87  4.677220e+05   -2.33e+05    1.00e+03     1    6.25e-03
  87  2.336505e+05    1.46e+03    1.00e+04     1    6.60e-03
  88  4.669859e+05   -2.33e+05    1.00e+03     1    6.28e-03
  88  2.322063e+05    1.44e+03    1.00e+04     1    6.78e-03
  89  4.660898e+05   -2.34e+05    1.00e+03     1    6.17e-03
  89  2.307805e+05    1.43e+03    1.00e+04     1    7.03e-03
  90  4.650379e+05   -2.34e+05    1.00e+03     1    5.78e-03
  90  2.293712e+05    1.41e+03    1.00e+04     1    5.97e-03
  91  4.638347e+05   -2.34e+05    1.00e+03     1    7.07e-03
  91  2.279761e+05    1.40e+03    1.00e+04     1    5.94e-03
  92  4.624850e+05   -2.35e+05    1.00e+03     1    7.16e-03
  92  2.265932e+05    1.38e+03    1.00e+04     1    6.73e-03
  93  4.609938e+05   -2.34e+05    1.00e+03     1    6.94e-03
  93  2.252200e+05    1.37e+03    1.00e+04     1    6.83e-03
  94  4.593656e+05   -2.34e+05    1.00e+03     1    6.65e-03
  94  2.238540e+05    1.37e+03    1.00e+04     1    6.34e-03
  95  4.576046e+05   -2.34e+05    1.00e+03     1    6.56e-03
  95  2.224927e+05    1.36e+03    1.00e+04     1    6.40e-03
  96  4.557142e+05   -2.33e+05    1.00e+03     1    6.82e-03
  96  2.211338e+05    1.36e+03    1.00e+04     1    6.29e-03
  97  4.536963e+05   -2.33e+05    1.00e+03     1    6.95e-03
  97  2.197749e+05    1.36e+03    1.00e+04     1    6.57e-03
  98  4.515515e+05   -2.32e+05    1.00e+03     1    6.20e-03
  98  2.184144e+05    1.36e+03    1.00e+04     1    6.92e-03
  99  4.492784e+05   -2.31e+05    1.00e+03     1    6.19e-03
  99  2.170508e+05    1.36e+03    1.00e+04     1    6.59e-03
iterations: 100 >? 100
Terminating because reached maximum iterations
Optimization Runtime: 1.6421 seconds
Error after optimizing:
217050.84424488991
