Initial error before optimization: 14930.357856355507
Initial error: 14930.4, values: 10000
iter      cost      cost_change    lambda  success iter_time
   0  1.883312e+04   -3.90e+03    1.00e-05     1    6.18e-02
iter      cost      cost_change    lambda  success iter_time
   0  1.853776e+04   -3.61e+03    1.00e-04     1    5.11e-02
iter      cost      cost_change    lambda  success iter_time
   0  1.129681e+04    3.63e+03    1.00e-03     1    5.22e-02
   1  2.654565e+03    8.64e+03    1.00e-04     1    6.10e-02
   2  2.979382e+03   -3.25e+02    1.00e-05     1    6.81e-02
   2  5.364221e+02    2.12e+03    1.00e-04     1    5.43e-02
   3  2.078974e+03   -1.54e+03    1.00e-05     1    5.37e-02
   3  2.856137e+02    2.51e+02    1.00e-04     1    5.50e-02
   4  1.513715e+03   -1.23e+03    1.00e-05     1    4.92e-02
   4  4.306547e+01    2.43e+02    1.00e-04     1    4.98e-02
   5  1.707054e+03   -1.66e+03    1.00e-05     1    4.98e-02
   5  1.471313e+01    2.84e+01    1.00e-04     1    4.82e-02
   6  1.725332e+03   -1.71e+03    1.00e-05     1    5.10e-02
   6  1.146726e+01    3.25e+00    1.00e-04     1    5.20e-02
   7  1.304880e+03   -1.29e+03    1.00e-05     1    5.09e-02
   7  1.049086e+01    9.76e-01    1.00e-04     1    5.15e-02
   8  8.054642e+02   -7.95e+02    1.00e-05     1    5.25e-02
   8  9.386400e+00    1.10e+00    1.00e-04     1    4.98e-02
   9  4.682377e+02   -4.59e+02    1.00e-05     1    4.88e-02
   9  8.550647e+00    8.36e-01    1.00e-04     1    4.64e-02
  10  2.829871e+02   -2.74e+02    1.00e-05     1    4.71e-02
  10  7.993963e+00    5.57e-01    1.00e-04     1    4.99e-02
  11  1.853158e+02   -1.77e+02    1.00e-05     1    5.14e-02
  11  7.617202e+00    3.77e-01    1.00e-04     1    5.41e-02
  12  1.342877e+02   -1.27e+02    1.00e-05     1    5.25e-02
  12  7.353448e+00    2.64e-01    1.00e-04     1    4.76e-02
  13  1.069988e+02   -9.96e+01    1.00e-05     1    4.62e-02
  13  7.156757e+00    1.97e-01    1.00e-04     1    4.77e-02
  14  9.098775e+01   -8.38e+01    1.00e-05     1    5.05e-02
  14  6.997728e+00    1.59e-01    1.00e-04     1    4.81e-02
  15  8.009376e+01   -7.31e+01    1.00e-05     1    4.86e-02
  15  6.861014e+00    1.37e-01    1.00e-04     1    5.00e-02
  16  7.157116e+01   -6.47e+01    1.00e-05     1    4.78e-02
  16  6.739223e+00    1.22e-01    1.00e-04     1    4.87e-02
  17  6.430184e+01   -5.76e+01    1.00e-05     1    4.87e-02
  17  6.628610e+00    1.11e-01    1.00e-04     1    5.02e-02
  18  5.786496e+01   -5.12e+01    1.00e-05     1    4.54e-02
  18  6.527031e+00    1.02e-01    1.00e-04     1    5.00e-02
  19  5.210645e+01   -4.56e+01    1.00e-05     1    5.00e-02
  19  6.433076e+00    9.40e-02    1.00e-04     1    5.24e-02
  20  4.695882e+01   -4.05e+01    1.00e-05     1    4.87e-02
  20  6.345709e+00    8.74e-02    1.00e-04     1    4.78e-02
  21  4.237460e+01   -3.60e+01    1.00e-05     1    4.77e-02
  21  6.264116e+00    8.16e-02    1.00e-04     1    4.77e-02
  22  3.830674e+01   -3.20e+01    1.00e-05     1    4.68e-02
  22  6.187623e+00    7.65e-02    1.00e-04     1    4.72e-02
  23  3.470585e+01   -2.85e+01    1.00e-05     1    4.80e-02
  23  6.115659e+00    7.20e-02    1.00e-04     1    4.72e-02
  24  3.152226e+01   -2.54e+01    1.00e-05     1    4.79e-02
  24  6.047734e+00    6.79e-02    1.00e-04     1    4.59e-02
  25  2.870830e+01   -2.27e+01    1.00e-05     1    4.41e-02
  25  5.983422e+00    6.43e-02    1.00e-04     1    6.94e-02
  26  2.621989e+01   -2.02e+01    1.00e-05     1    4.63e-02
  26  5.922353e+00    6.11e-02    1.00e-04     1    4.69e-02
  27  2.401718e+01   -1.81e+01    1.00e-05     1    4.98e-02
  27  5.864203e+00    5.82e-02    1.00e-04     1    4.57e-02
  28  2.206459e+01   -1.62e+01    1.00e-05     1    4.72e-02
  28  5.808691e+00    5.55e-02    1.00e-04     1    6.56e-02
  29  2.033061e+01   -1.45e+01    1.00e-05     1    4.54e-02
  29  5.755576e+00    5.31e-02    1.00e-04     1    4.78e-02
  30  1.878747e+01   -1.30e+01    1.00e-05     1    4.56e-02
  30  5.704650e+00    5.09e-02    1.00e-04     1    4.56e-02
  31  1.741080e+01   -1.17e+01    1.00e-05     1    4.55e-02
  31  5.655735e+00    4.89e-02    1.00e-04     1    4.63e-02
  32  1.617934e+01   -1.05e+01    1.00e-05     1    4.60e-02
  32  5.608681e+00    4.71e-02    1.00e-04     1    4.51e-02
  33  1.507471e+01   -9.47e+00    1.00e-05     1    4.42e-02
  33  5.563361e+00    4.53e-02    1.00e-04     1    4.69e-02
  34  1.408111e+01   -8.52e+00    1.00e-05     1    4.61e-02
  34  5.519669e+00    4.37e-02    1.00e-04     1    4.61e-02
  35  1.318513e+01   -7.67e+00    1.00e-05     1    4.71e-02
  35  5.477517e+00    4.22e-02    1.00e-04     1    4.67e-02
  36  1.237543e+01   -6.90e+00    1.00e-05     1    4.65e-02
  36  5.436831e+00    4.07e-02    1.00e-04     1    4.77e-02
  37  1.164247e+01   -6.21e+00    1.00e-05     1    4.61e-02
  37  5.397550e+00    3.93e-02    1.00e-04     1    4.53e-02
  38  1.097825e+01   -5.58e+00    1.00e-05     1    4.58e-02
  38  5.359620e+00    3.79e-02    1.00e-04     1    4.71e-02
  39  1.037599e+01   -5.02e+00    1.00e-05     1    5.29e-02
  39  5.322998e+00    3.66e-02    1.00e-04     1    5.01e-02
  40  9.829943e+00   -4.51e+00    1.00e-05     1    4.83e-02
  40  5.287642e+00    3.54e-02    1.00e-04     1    5.01e-02
  41  9.335110e+00   -4.05e+00    1.00e-05     1    4.84e-02
  41  5.253518e+00    3.41e-02    1.00e-04     1    5.02e-02
  42  8.887099e+00   -3.63e+00    1.00e-05     1    5.00e-02
  42  5.220591e+00    3.29e-02    1.00e-04     1    4.80e-02
  43  8.481969e+00   -3.26e+00    1.00e-05     1    4.85e-02
  43  5.188827e+00    3.18e-02    1.00e-04     1    4.82e-02
  44  8.116124e+00   -2.93e+00    1.00e-05     1    4.72e-02
  44  5.158192e+00    3.06e-02    1.00e-04     1    4.80e-02
  45  7.786235e+00   -2.63e+00    1.00e-05     1    5.33e-02
  45  5.128652e+00    2.95e-02    1.00e-04     1    5.34e-02
  46  7.489190e+00   -2.36e+00    1.00e-05     1    5.30e-02
  46  5.100170e+00    2.85e-02    1.00e-04     1    5.27e-02
  47  7.222065e+00   -2.12e+00    1.00e-05     1    5.43e-02
  47  5.072709e+00    2.75e-02    1.00e-04     1    5.55e-02
  48  6.982106e+00   -1.91e+00    1.00e-05     1    4.89e-02
  48  5.046230e+00    2.65e-02    1.00e-04     1    5.23e-02
  49  6.766723e+00   -1.72e+00    1.00e-05     1    5.26e-02
  49  5.020693e+00    2.55e-02    1.00e-04     1    5.08e-02
  50  6.573495e+00   -1.55e+00    1.00e-05     1    4.89e-02
  50  4.996055e+00    2.46e-02    1.00e-04     1    5.42e-02
  51  6.400162e+00   -1.40e+00    1.00e-05     1    5.17e-02
  51  4.972275e+00    2.38e-02    1.00e-04     1    6.27e-02
  52  6.244637e+00   -1.27e+00    1.00e-05     1    5.43e-02
  52  4.949311e+00    2.30e-02    1.00e-04     1    5.39e-02
  53  6.104998e+00   -1.16e+00    1.00e-05     1    5.26e-02
  53  4.927120e+00    2.22e-02    1.00e-04     1    5.26e-02
  54  5.979494e+00   -1.05e+00    1.00e-05     1    5.03e-02
  54  4.905660e+00    2.15e-02    1.00e-04     1    5.44e-02
  55  5.866536e+00   -9.61e-01    1.00e-05     1    5.28e-02
  55  4.884889e+00    2.08e-02    1.00e-04     1    5.06e-02
  56  5.764693e+00   -8.80e-01    1.00e-05     1    5.02e-02
  56  4.864768e+00    2.01e-02    1.00e-04     1    5.20e-02
  57  5.672683e+00   -8.08e-01    1.00e-05     1    4.72e-02
  57  4.845258e+00    1.95e-02    1.00e-04     1    5.10e-02
  58  5.589364e+00   -7.44e-01    1.00e-05     1    4.72e-02
  58  4.826321e+00    1.89e-02    1.00e-04     1    5.42e-02
  59  5.513723e+00   -6.87e-01    1.00e-05     1    4.72e-02
  59  4.807922e+00    1.84e-02    1.00e-04     1    5.08e-02
  60  5.444863e+00   -6.37e-01    1.00e-05     1    5.30e-02
  60  4.790027e+00    1.79e-02    1.00e-04     1    5.61e-02
  61  5.381996e+00   -5.92e-01    1.00e-05     1    4.79e-02
  61  4.772603e+00    1.74e-02    1.00e-04     1    4.85e-02
  62  5.324425e+00   -5.52e-01    1.00e-05     1    4.76e-02
  62  4.755620e+00    1.70e-02    1.00e-04     1    4.96e-02
  63  5.271543e+00   -5.16e-01    1.00e-05     1    4.91e-02
  63  4.739050e+00    1.66e-02    1.00e-04     1    4.93e-02
  64  5.222813e+00   -4.84e-01    1.00e-05     1    5.23e-02
  64  4.722865e+00    1.62e-02    1.00e-04     1    5.40e-02
  65  5.177767e+00   -4.55e-01    1.00e-05     1    5.27e-02
  65  4.707041e+00    1.58e-02    1.00e-04     1    5.50e-02
  66  5.135992e+00   -4.29e-01    1.00e-05     1    5.45e-02
  66  4.691552e+00    1.55e-02    1.00e-04     1    4.93e-02
  67  5.097127e+00   -4.06e-01    1.00e-05     1    5.31e-02
  67  4.676378e+00    1.52e-02    1.00e-04     1    5.30e-02
  68  5.060855e+00   -3.84e-01    1.00e-05     1    5.26e-02
  68  4.661498e+00    1.49e-02    1.00e-04     1    5.44e-02
  69  5.026897e+00   -3.65e-01    1.00e-05     1    5.47e-02
  69  4.646892e+00    1.46e-02    1.00e-04     1    5.73e-02
  70  4.995005e+00   -3.48e-01    1.00e-05     1    5.37e-02
  70  4.632541e+00    1.44e-02    1.00e-04     1    5.39e-02
  71  4.964964e+00   -3.32e-01    1.00e-05     1    5.42e-02
  71  4.618431e+00    1.41e-02    1.00e-04     1    5.56e-02
  72  4.936580e+00   -3.18e-01    1.00e-05     1    4.86e-02
  72  4.604543e+00    1.39e-02    1.00e-04     1    4.77e-02
  73  4.909683e+00   -3.05e-01    1.00e-05     1    4.89e-02
  73  4.590865e+00    1.37e-02    1.00e-04     1    4.94e-02
  74  4.884123e+00   -2.93e-01    1.00e-05     1    4.86e-02
  74  4.577382e+00    1.35e-02    1.00e-04     1    5.74e-02
  75  4.859764e+00   -2.82e-01    1.00e-05     1    5.40e-02
  75  4.564082e+00    1.33e-02    1.00e-04     1    5.03e-02
  76  4.836488e+00   -2.72e-01    1.00e-05     1    4.63e-02
  76  4.550954e+00    1.31e-02    1.00e-04     1    4.87e-02
  77  4.814187e+00   -2.63e-01    1.00e-05     1    5.40e-02
  77  4.537986e+00    1.30e-02    1.00e-04     1    4.95e-02
  78  4.792766e+00   -2.55e-01    1.00e-05     1    4.70e-02
  78  4.525168e+00    1.28e-02    1.00e-04     1    4.99e-02
  79  4.772138e+00   -2.47e-01    1.00e-05     1    5.03e-02
  79  4.512491e+00    1.27e-02    1.00e-04     1    5.40e-02
  80  4.752228e+00   -2.40e-01    1.00e-05     1    5.10e-02
  80  4.499947e+00    1.25e-02    1.00e-04     1    5.02e-02
  81  4.732965e+00   -2.33e-01    1.00e-05     1    5.45e-02
  81  4.487528e+00    1.24e-02    1.00e-04     1    4.95e-02
  82  4.714289e+00   -2.27e-01    1.00e-05     1    4.73e-02
  82  4.475227e+00    1.23e-02    1.00e-04     1    4.78e-02
  83  4.696142e+00   -2.21e-01    1.00e-05     1    4.68e-02
  83  4.463037e+00    1.22e-02    1.00e-04     1    4.62e-02
  84  4.678474e+00   -2.15e-01    1.00e-05     1    4.73e-02
  84  4.450951e+00    1.21e-02    1.00e-04     1    5.25e-02
  85  4.661239e+00   -2.10e-01    1.00e-05     1    5.03e-02
  85  4.438966e+00    1.20e-02    1.00e-04     1    4.92e-02
  86  4.644397e+00   -2.05e-01    1.00e-05     1    4.78e-02
  86  4.427074e+00    1.19e-02    1.00e-04     1    5.12e-02
  87  4.627909e+00   -2.01e-01    1.00e-05     1    4.82e-02
  87  4.415273e+00    1.18e-02    1.00e-04     1    4.61e-02
  88  4.611742e+00   -1.96e-01    1.00e-05     1    4.72e-02
  88  4.403558e+00    1.17e-02    1.00e-04     1    4.81e-02
  89  4.595866e+00   -1.92e-01    1.00e-05     1    4.67e-02
  89  4.391926e+00    1.16e-02    1.00e-04     1    4.85e-02
  90  4.580251e+00   -1.88e-01    1.00e-05     1    5.25e-02
  90  4.380372e+00    1.16e-02    1.00e-04     1    5.03e-02
  91  4.564874e+00   -1.85e-01    1.00e-05     1    4.87e-02
  91  4.368895e+00    1.15e-02    1.00e-04     1    5.18e-02
  92  4.549711e+00   -1.81e-01    1.00e-05     1    5.03e-02
  92  4.357492e+00    1.14e-02    1.00e-04     1    4.99e-02
  93  4.534741e+00   -1.77e-01    1.00e-05     1    5.05e-02
  93  4.346160e+00    1.13e-02    1.00e-04     1    4.95e-02
  94  4.519947e+00   -1.74e-01    1.00e-05     1    5.14e-02
  94  4.334898e+00    1.13e-02    1.00e-04     1    5.38e-02
  95  4.505311e+00   -1.70e-01    1.00e-05     1    4.93e-02
  95  4.323704e+00    1.12e-02    1.00e-04     1    4.87e-02
  96  4.490818e+00   -1.67e-01    1.00e-05     1    4.83e-02
  96  4.312577e+00    1.11e-02    1.00e-04     1    5.09e-02
  97  4.476454e+00   -1.64e-01    1.00e-05     1    5.03e-02
  97  4.301516e+00    1.11e-02    1.00e-04     1    5.06e-02
  98  4.462209e+00   -1.61e-01    1.00e-05     1    5.51e-02
  98  4.290519e+00    1.10e-02    1.00e-04     1    5.12e-02
  99  4.448070e+00   -1.58e-01    1.00e-05     1    4.92e-02
  99  4.279587e+00    1.09e-02    1.00e-04     1    4.95e-02
iterations: 100 >? 100
Terminating because reached maximum iterations
Optimization Runtime: 11.8062 seconds
Error after optimizing:
4.27958733823528
